3,1
3,3
10,101
10,295
10,225
10,31
10,209
10,139
10,125
10,311
11,13
11,7
11,11
11,19
11,23
11,12
11,27
9,7
9,1
9,5
9,2
9,3
8,13
8,6
8,7
8,11
8,2
8,3
66,6
66,5
66,4
66,3
66,2
66,1
66,0
65,5
65,4
65,3
65,2
65,1
65,0
64,5
64,4
64,3
64,2
64,1
64,0
63,3
63,2
63,1
63,0
60,7
60,6
60,5
60,4
60,3
60,2
60,1
60,0
59,7
59,6
59,5
59,4
59,3
59,2
59,1
59,0
53,5
53,4
53,3
53,2
53,1
53,0
52,5
52,4
52,3
52,2
52,1
52,0
51,4
51,3
51,2
51,1
51,0
50,5
50,4
50,3
50,2
50,1
50,0
46,3
46,2
46,1
46,0
45,3
45,2
45,1
20,3
20,2
20,1
19,3
19,2
19,1
